1	101101023537	            493	        100	       97	      96	        98	            100	              0	            Да
2	101101016890	            490	        100	       99	      91	        94	            98	              6	            Нет
3	101101026050	            489	        100	       100	      89	        90	            100	              6	            Да
4	101101031250	            482	        94	       99	      91	        94	            94	              6	            Да
5	101101024744	            480	        100	       100	      91	        90	            91	              6	            Нет
6	101101018737	            477	        92	       97	      98	        86	            96	              6	            Нет
7	101101020751	            476	        100	       100	      93	        84	            91	              6	            Нет
8	101101016138	            476	        98	       90	      93	        96	            91	              6	            Нет
9	101101025075	            474	        99	       95	      100	        78	            94	              6	            Да
10	101101017598	            469	        100	       97	      79	        96	            87	              6	            Нет
11	101101023591	            468	        100	       100	      76	        82	            100	              6	            Нет
12	101101030822	            468	        95	       95	      89	        92	            89	              6	            Нет
13	101101024256	            468	        92	       100	      86	        86	            96	              6	            Нет
14	101101030447	            467	        99	       97	      91	        84	            94	              0	            Нет
15	101101028501	            467	        96	       100	      91	        84	            94	              0	            Нет
16	101101032870	            465	        94	       99	      91	        84	            87	              6	            Да
17	101101019646	            463	        96	       90	      91	        80	            96	              6	            Нет
18	101101025250	            463	        95	       97	      84	        100	            85	              0	            Нет
19	101101026794	            462	        100	       100	      89	        74	            89	              6	            Нет
20	101101028956	            462	        87	       100	      93	        78	            96	              6	            Нет
21	101101033578	            457	        83	       99	      93	        88	            92	              0	            Да
22	101101024249	            456	        98	       99	      77	        76	            96	              6	            Да
23	101101017606	            456	        90	       100	      84	        84	            96	              0	            Да
24	101101020835	            456	        68	       97	      89	        94	            100	              6	            Да
25	101101021551	            456	        66	       100	      98	        86	            98	              6	            Нет
26	101101023542	            455	        90	       99	      82	        80	            96	              6	            Нет
27	101101020836	            455	        86	       97	      78	        86	            100	              6	            Да
28	101101028213	            454	        99	       99	      86	        78	            90	              0	            Нет
29	101101023418	            453	        100	       100	      79	        78	            94	              0	            Нет
30	101101022891	            453	        76	       100	      91	        82	            96	              6	            Да
31	101101032126	            452	        84	       99	      89	        80	            98	              0	            Да
32	101101026616	            449	        88	       100	      84	        78	            91	              6	            Да
33	101101030828	            449	        82	       90	      91	        90	            94	              0	            Нет
34	101101030443	            449	        79	       100	      86	        80	            96	              6	            Да
35	101101017417	            448	        90	       99	      84	        80	            91	              0	            Да
36	101101017496	            448	        88	       100	      86	        78	            94	              0	            Да
37	101101023809	            447	        51	       100	      100	        88	            100	              6	            Нет
38	101101030916	            445	        66	       99	      86	        88	            96	              6	            Нет
39	101101017742	            444	        82	       97	      78	        86	            91	              6	            Да
40	101101033419	            443	        84	       95	      78	        82	            96	              6	            Нет
41	101101035154	            443	        74	       100	      89	        78	            94	              6	            Да
42	101101029046	            442	        91	       100	      78	        74	            91	              6	            Да
43	101101019632	            440	        84	       97	      78	        90	            89	              0	            Нет
44	101101020341	            440	        72	       95	      96	        78	            89	              6	            Нет
45	101101020554	            438	        84	       91	      78	        86	            91	              6	            Нет
46	101101014214	            437	        86	       84	      98	        80	            89	              0	            Да
47	101101020789	            435	        73	       100	      72	        88	            94	              6	            Нет
48	101101022028	            435	        69	       95	      79	        86	            98	              6	            Да
49	101101026505	            433	        99	       78	      68	        78	            100	              6	            Нет
50	101101022324	            432	        99	       82	      82	        72	            87	              6	            Нет
51	101101026049	            432	        77	       93	      86	        70	            98	              6	            Нет           