1 000818016 202830152 09 2001 гражданкаРФ 100 100 85 10 295
2 00086264 195605859 13 2005 гражданинРФ 94 98 89 0 281
3 00083468 184315761 77 2003 гражданкаРФ 90 95 96 0 281
4 000812478 178227153 86 2004 гражданинРФ 98 90 89 3 280
5 00086276 174404627 61 2004 гражданинРФ 86 95 96 3 280
6 000813901 198814823 35 2004 гражданинРФ 88 93 94 5 280
7 000212318 170831576 66 2004 гражданинРФ 90 90 96 2 278
8 00081495 172959125 04 2004 гражданинРФ 88 95 89 6 278
9 00089780 184457499 15 2005 гражданинРФ 84 93 96 3 276
10 00088765 181744369 87 2004 гражданкаРФ 88 89 91 8 276
11 000819993 191192840 78 2004 гражданинРФ 96 85 91 3 275
12 00032484 185704512 84 2004 гражданинРФ 90 90 87 8 275
13 00082892 194331660 75 2004 гражданинРФ 84 83 100 8 275
14 00038052 193112835 55 2004 гражданинРФ 94 90 85 5 274
15 000811680 168198990 39 2004 гражданинРФ 92 88 87 7 274
16 00084536 176078040 81 2004 гражданкаРФ 82 93 91 8 274
17 000816005 184084538 85 2004 гражданинРФ 84 93 94 2 273
18 00088602 154121342 15 2005 гражданинРФ 88 90 94 0 272
19 00086912 158403895 87 2004 гражданинРФ 90 95 82 5 272
20 000815732 184662069 95 2000 гражданкаРФ 86 92 89 5 272
21 00088087 174014979 63 2004 гражданкаРФ 86 83 98 5 272
22 000813869 176225467 79 2001 гражданинРФ 84 98 89 0 271
23 00088288 187962028 24 2005 гражданинРФ 82 93 96 0 271
24 000814395 143594812 80 2005 гражданинРФ 84 93 89 5 271
25 00085852 184345755 94 2004 гражданинРФ 80 88 98 5 271
26 00089350 170577352 78 2004 гражданинРФ 84 100 80 7 271
27 000816535 187481442 10 2002 гражданинРФ 84 91 94 0 269
28 00035508 184346968 08 2003 гражданкаРФ 86 88 90 5 269
29 000816604 163707122 56 2004 гражданинРФ 96 90 82 0 268
30 00086563 164585185 98 2004 гражданкаРФ 84 88 91 5 268
31 00085683 148406467 75 2004 гражданинРФ 84 88 91 5 268
32 00084963 183741878 04 2004 гражданинРФ 82 90 91 5 268
33 00083424 173734822 88 2004 гражданинРФ 86 90 85 7 268
34 00083995 168543613 97 2004 гражданинРФ 92 85 89 1 267
35 00083110 185016980 79 2004 гражданкаРФ 90 80 94 3 267
36 000814901 186545092 03 2004 гражданинРФ 84 93 87 3 267
37 00089526 199890319 55 2004 гражданкаРФ 84 93 85 5 267
38 0008932 184597961 42 2001 гражданинРФ 84 91 87 5 267
39 00086870 201704069 03 2004 гражданкаРФ 80 88 94 5 267
40 000812468 164718334 82 2004 гражданинРФ 82 89 89 7 267
41 00086353 165046799 83 2004 гражданинРФ 82 88 96 0 266
42 000820013 185716730 04 2004 гражданинРФ 82 88 96 0 266
43 00083573 201681067 23 2004 гражданкаРФ 82 88 96 0 266
44 000811473 171572015 51 2004 гражданинРФ 84 95 82 5 266
45 00085879 206795965 09 2004 гражданинРФ 80 90 91 5 266
46 000810879 175459373 09 2004 гражданкаРФ 80 83 98 5 266
47 00086937 164725608 82 2005 гражданинРФ 86 93 80 7 266
48 0008948 190691489 01 2004 гражданинРФ 86 81 89 10 266
49 000812117 155441916 66 2004 гражданинРФ 86 83 96 0 265
50 00084119 201383456 22 2004 гражданинРФ 92 91 80 2 265
51 00086640 185498562 36 2004 гражданинРФ 86 90 87 2 265
52 00086718 173453671 79 2004 гражданкаРФ 84 83 96 2 265
53 00087772 164131220 19 2004 гражданкаРФ 84 85 91 5 265
54 0003344 167130285 53 2000 гражданинРФ 82 78 98 7 265
55 00083733 157469822 16 2004 гражданинРФ 88 85 89 2 264
56 00084875 184340358 65 2004 гражданинРФ 84 93 82 5 264
57 000816791 184452051 68 2003 гражданкаРФ 80 83 96 5 264
58 000817186 189412807 02 2004 гражданинРФ 86 80 91 7 264
59 00072909 191274224 64 2004 гражданинРФ 92 80 82 10 264
60 000618572 174202621 35 2004 гражданинРФ 74 95 85 10 264
61 00088621 192249048 78 2003 гражданинРФ 86 88 89 0 263
62 00083778 169939820 51 2004 гражданинРФ 84 88 91 0 263
63 00082605 172027136 31 2004 гражданкаРФ 74 95 94 0 263
64 000812457 168543704 99 2004 гражданинРФ 84 95 82 2 263
